6733977001
6733977002
6733977003
6733977004
6733977005
6733977006
6733977007
6733977008
6733977009
6733977010
6733977011
6733977012
6733977013
6733977014
6733977015
6733977016
6733977017
6733977018
6733977019
6733977020
6733977021
6733977022
6733977023
6733977024
6733977025
6733977026
6733977027
6733977028
6733977029
6733977030
6733977031
6733977032
6733977033
6733977034
6733977035
6733977036
6733977037
6733977038
6733977039
6733977040
6733977041
6733977042
6733977043
6733977044
6733977045
6733977046
6733977047
6733977048
6733977049
6733977050
6733977051
6733977052
6733977053
6733977054
6733977055
6733977056
6733977057
6733977058
6733977059
6733977060
6733977061
6733977062
6733977063
6733977064
6733977065
6733977066
6733977067
6733977068
6733977069
6733977070
6733977071
6733977072
6733977073
6733977074
6733977075
6733977076
6733977077
6733977078
6733977079
6733977080
6733977081
6733977082
6733977083
6733977084
6733977085
6733977086
6733977087
6733977088
6733977089
6733977090
6733977091
6733977092
6733977093
6733977094
6733977095
6733977096
6733977097
6733977098
6733977099
6733977100
6733977101
6733977102
6733977103
6733977104
6733977105
6733977106
6733977107
6733977108
6733977109
6733977110
6733977111
6733977112
6733977113
6733977114
6733977115
6733977116
6733977117
6733977118
6733977119
6733977120
6733977121
6733977122
6733977123
6733977124
6733977125
6733977126
6733977127
6733977128
6733977129
6733977130
6733977131
6733977132
6733977133
6733977134
6733977135
6733977136
6733977137
6733977138
6733977139
6733977140
6733977141
6733977142
6733977143
6733977144
6733977145
6733977146
6733977147
6733977148
6733977149
6733977150
6733977151
6733977152
6733977153
6733977154
6733977155
6733977156
6733977157
6733977158
6733977159
6733977160
6733977161
6733977162
6733977163
6733977164
6733977165
6733977166
6733977167
6733977168
6733977169
6733977170
6733977171
6733977172
6733977173
6733977174
6733977175
6733977176
6733977177
6733977178
6733977179
6733977180
6733977181
6733977182
6733977183
6733977184
6733977185
6733977186
6733977187
6733977188
6733977189
6733977190
6733977191
6733977192
6733977193
6733977194
6733977195
6733977196
6733977197
6733977198
6733977199
6733977200
6733977201
6733977202
6733977203
6733977204
6733977205
6733977206
6733977207
6733977208
6733977209
6733977210
6733977211
6733977212
6733977213
6733977214
6733977215
6733977216
6733977217
6733977218
6733977219
6733977220
6733977221
6733977222
6733977223
6733977224
6733977225
6733977226
6733977227
6733977228
6733977229
6733977230
6733977231
6733977232
6733977233
6733977234
6733977235
6733977236
6733977237
6733977238
6733977239
6733977240
6733977241
6733977242
6733977243
6733977244
6733977245
6733977246
6733977247
6733977248
6733977249
6733977250