6533976503
6533976504
6533976505
6533976506
6533976507
6533976508
6533976509
6533976510
6533976511
6533976512
6533976513
6533976514
6533976515
6533976516
6533976517
6533976518
6533976519
6533976520
6533976521
6533976522
6533976523
6533976524
6533976525
6533976526
6533976527
6533976528
6533976529
6533976530
6533976531
6533976532
6533976533
6533976534
6533976535
6533976536
6533976537
6533976538
6533976539
6533976540
6533976541
6533976542
6533976543
6533976544
6533976545
6533976546
6533976547
6533976548
6533976549
6533976550
6533976551
6533976552
6533976553
6533976554
6533976555
6533976556
6533976557
6533976558
6533976559
6533976560
6533976561
6533976562
6533976563
6533976564
6533976565
6533976566
6533976567
6533976568
6533976569
6533976570
6533976571
6533976572
6533976573
6533976574
6533976575
6533976576
6533976577
6533976578
6533976579
6533976580
6533976581
6533976582
6533976583
6533976584
6533976585
6533976586
6533976587
6533976588
6533976589
6533976590
6533976591
6533976592
6533976593
6533976594
6533976595
6533976596
6533976597
6533976598
6533976599
6533976600
6533976601
6533976602
6533976603
6533976604
6533976605
6533976606
6533976607
6533976608
6533976609
6533976610
6533976611
6533976612
6533976613
6533976614
6533976615
6533976616
6533976617
6533976618
6533976619
6533976620
6533976621
6533976622
6533976623
6533976624
6533976625
6533976626
6533976627
6533976628
6533976629
6533976630
6533976631
6533976632
6533976633
6533976634
6533976635
6533976636
6533976637
6533976638
6533976639
6533976640
6533976641
6533976642
6533976643
6533976644
6533976645
6533976646
6533976647
6533976648
6533976649
6533976650
6533976651
6533976652
6533976653
6533976654
6533976655
6533976656
6533976657
6533976658
6533976659
6533976660
6533976661
6533976662
6533976663
6533976664
6533976665
6533976666
6533976667
6533976668
6533976669
6533976670
6533976671
6533976672
6533976673
6533976674
6533976675
6533976676
6533976677
6533976678
6533976679
6533976680
6533976681
6533976682
6533976683
6533976684
6533976685
6533976686
6533976687
6533976688
6533976689
6533976690
6533976691
6533976692
6533976693
6533976694
6533976695
6533976696
6533976697
6533976698
6533976699
6533976700
6533976701
6533976702
6533976703
6533976704
6533976705
6533976706
6533976707
6533976708
6533976709
6533976710
6533976711
6533976712
6533976713
6533976714
6533976715
6533976716
6533976717
6533976718
6533976719
6533976720
6533976721
6533976722
6533976723
6533976724
6533976725
6533976726
6533976727
6533976728
6533976729
6533976730
6533976731
6533976732
6533976733
6533976734
6533976735
6533976736
6533976737
6533976738
6533976739
6533976740
6533976741
6533976742
6533976743
6533976744
6533976745
6533976746
6533976747
6533976748
6533976749
6533976750
6533976751
6533976752
6533976753
6533976754
6533976755
6533976756
6533976757
6533976758
6533976759
6533976760
6533976761
6533976762
6533976763
6533976764
6533976765
6533976766
6533976767
6533976768
6533976769
6533976770
6533976771
6533976772
6533976773
6533976774
6533976775
6533976776
6533976777
6533976778
6533976779
6533976780
6533976781
6533976782
6533976783
6533976784
6533976785
6533976786
6533976787
6533976788
6533976789
6533976790
6533976791
6533976792
6533976793
6533976794
6533976795
6533976796
6533976797
6533976798
6533976799
6533976800
6533976801
6533976802
6533976803
6533976804
6533976805
6533976806
6533976807
6533976808
6533976809
6533976810
6533976811
6533976812
6533976813
6533976814
6533976815
6533976816
6533976817
6533976818
6533976819
6533976820
6533976821
6533976822
6533976823
6533976824
6533976825
6533976826
6533976827
6533976828
6533976829
6533976830
6533976831
6533976832
6533976833
6533976834
6533976835
6533976836
6533976837
6533976838
6533976839
6533976840
6533976841
6533976842
6533976843
6533976844
6533976845
6533976846
6533976847
6533976848
6533976849
6533976850
6533976851
6533976852
6533976853
6533976854
6533976855
6533976856
6533976857
6533976858
6533976859
6533976860
6533976861
6533976862
6533976863
6533976864
6533976865
6533976866
6533976867
6533976868
6533976869
6533976870
6533976871
6533976872
6533976873
6533976874
6533976875
6533976876
6533976877
6533976878
6533976879
6533976880
6533976881
6533976882
6533976883
6533976884
6533976885
6533976886
6533976887
6533976888
6533976889
6533976890
6533976891
6533976892
6533976893
6533976894
6533976895
6533976896
6533976897
6533976898
6533976899
6533976900
6533976901
6533976902
6533976903
6533976904
6533976905
6533976906
6533976907
6533976908
6533976909
6533976910
6533976911
6533976912
6533976913
6533976914
6533976915
6533976916
6533976917
6533976918
6533976919
6533976920
6533976921
6533976922
6533976923
6533976924
6533976925
6533976926
6533976927
6533976928
6533976929
6533976930
6533976931
6533976932
6533976933
6533976934
6533976935
6533976936
6533976937
6533976938
6533976939
6533976940
6533976941
6533976942
6533976943
6533976944
6533976945
6533976946
6533976947
6533976948
6533976949
6533976950
6533976951
6533976952
6533976953
6533976954
6533976955
6533976956
6533976957
6533976958
6533976959
6533976960
6533976961
6533976962
6533976963
6533976964
6533976965
6533976966
6533976967
6533976968
6533976969
6533976970
6533976971
6533976972
6533976973
6533976974
6533976975
6533976976
6533976977
6533976978
6533976979
6533976980
6533976981
6533976982
6533976983
6533976984
6533976985
6533976986
6533976987
6533976988
6533976989
6533976990
6533976991
6533976992
6533976993
6533976994
6533976995
6533976996
6533976997
6533976998
6533976999
6533977000
6533977001
6533977002
6533977003
6533977004