6433976005
6433976006
6433976007
6433976008
6433976009
6433976010
6433976011
6433976012
6433976013
6433976014
6433976015
6433976016
6433976017
6433976018
6433976019
6433976020
6433976021
6433976022
6433976023
6433976024
6433976025
6433976026
6433976027
6433976028
6433976029
6433976030
6433976031
6433976032
6433976033
6433976034
6433976035
6433976036
6433976037
6433976038
6433976039
6433976040
6433976041
6433976042
6433976043
6433976044
6433976045
6433976046
6433976047
6433976048
6433976049
6433976050
6433976051
6433976052
6433976053
6433976054
6433976055
6433976056
6433976057
6433976058
6433976059
6433976060
6433976061
6433976062
6433976063
6433976064
6433976065
6433976066
6433976067
6433976068
6433976069
6433976070
6433976071
6433976072
6433976073
6433976074
6433976075
6433976076
6433976077
6433976078
6433976079
6433976080
6433976081
6433976082
6433976083
6433976084
6433976085
6433976086
6433976087
6433976088
6433976089
6433976090
6433976091
6433976092
6433976093
6433976094
6433976095
6433976096
6433976097
6433976098
6433976099
6433976100
6433976101
6433976102
6433976103
6433976104
6433976105
6433976106
6433976107
6433976108
6433976109
6433976110
6433976111
6433976112
6433976113
6433976114
6433976115
6433976116
6433976117
6433976118
6433976119
6433976120
6433976121
6433976122
6433976123
6433976124
6433976125
6433976126
6433976127
6433976128
6433976129
6433976130
6433976131
6433976132
6433976133
6433976134
6433976135
6433976136
6433976137
6433976138
6433976139
6433976140
6433976141
6433976142
6433976143
6433976144
6433976145
6433976146
6433976147
6433976148
6433976149
6433976150
6433976151
6433976152
6433976153
6433976154
6433976155
6433976156
6433976157
6433976158
6433976159
6433976160
6433976161
6433976162
6433976163
6433976164
6433976165
6433976166
6433976167
6433976168
6433976169
6433976170
6433976171
6433976172
6433976173
6433976174
6433976175
6433976176
6433976177
6433976178
6433976179
6433976180
6433976181
6433976182
6433976183
6433976184
6433976185
6433976186
6433976187
6433976188
6433976189
6433976190
6433976191
6433976192
6433976193
6433976194
6433976195
6433976196
6433976197
6433976198
6433976199
6433976200
6433976201
6433976202
6433976203
6433976204
6433976205
6433976206
6433976207
6433976208
6433976209
6433976210
6433976211
6433976212
6433976213
6433976214
6433976215
6433976216
6433976217
6433976218
6433976219
6433976220
6433976221
6433976222
6433976223
6433976224
6433976225
6433976226
6433976227
6433976228
6433976229
6433976230
6433976231
6433976232
6433976233
6433976234
6433976235
6433976236
6433976237
6433976238
6433976239
6433976240
6433976241
6433976242
6433976243
6433976244
6433976245
6433976246
6433976247
6433976248
6433976249
6433976250
6433976251
6433976252
6433976253
6433976254
6433976255
6433976256
6433976257
6433976258
6433976259
6433976260
6433976261
6433976262
6433976263
6433976264
6433976265
6433976266
6433976267
6433976268
6433976269
6433976270
6433976271
6433976272
6433976273
6433976274
6433976275
6433976276
6433976277
6433976278
6433976279
6433976280
6433976281
6433976282
6433976283
6433976284
6433976285
6433976286
6433976287
6433976288
6433976289
6433976290
6433976291
6433976292
6433976293
6433976294
6433976295
6433976296
6433976297
6433976298
6433976299
6433976300
6433976301
6433976302
6433976303
6433976304
6433976305
6433976306
6433976307
6433976308
6433976309
6433976310
6433976311
6433976312
6433976313
6433976314
6433976315
6433976316
6433976317
6433976318
6433976319
6433976320
6433976321
6433976322
6433976323
6433976324
6433976325
6433976326
6433976327
6433976328
6433976329
6433976330
6433976331
6433976332
6433976333
6433976334
6433976335
6433976336
6433976337
6433976338
6433976339
6433976340
6433976341
6433976342
6433976343
6433976344
6433976345
6433976346
6433976347
6433976348
6433976349
6433976350
6433976351
6433976352
6433976353
6433976354
6433976355
6433976356
6433976357
6433976358
6433976359
6433976360
6433976361
6433976362
6433976363
6433976364
6433976365
6433976366
6433976367
6433976368
6433976369
6433976370
6433976371
6433976372
6433976373
6433976374
6433976375
6433976376
6433976377
6433976378
6433976379
6433976380
6433976381
6433976382
6433976383
6433976384
6433976385
6433976386
6433976387
6433976388
6433976389
6433976390
6433976391
6433976392
6433976393
6433976394
6433976395
6433976396
6433976397
6433976398
6433976399
6433976400
6433976401
6433976402
6433976403
6433976404
6433976405
6433976406
6433976407
6433976408
6433976409
6433976410
6433976411
6433976412
6433976413
6433976414
6433976415
6433976416
6433976417
6433976418
6433976419
6433976420
6433976421
6433976422
6433976423
6433976424
6433976425
6433976426
6433976427
6433976428
6433976429
6433976430
6433976431
6433976432
6433976433
6433976434
6433976435
6433976436
6433976437
6433976438
6433976439
6433976440
6433976441
6433976442
6433976443
6433976444
6433976445
6433976446
6433976447
6433976448
6433976449
6433976450
6433976451
6433976452
6433976453
6433976454
6433976455
6433976456
6433976457
6433976458
6433976459
6433976460
6433976461
6433976462
6433976463
6433976464
6433976465
6433976466
6433976467
6433976468
6433976469
6433976470
6433976471
6433976472
6433976473
6433976474
6433976475
6433976476
6433976477
6433976478
6433976479
6433976480
6433976481
6433976482
6433976483
6433976484
6433976485
6433976486
6433976487
6433976488
6433976489
6433976490
6433976491
6433976492
6433976493
6433976494
6433976495
6433976496
6433976497
6433976498
6433976499
6433976500
6433976501
6433976502
6433976503
6433976504
6433975501
6433975502
6433975503
6433975506
6433975508
6433975509
6433975510
6433975511
6433975512
6433975513
6433975514
6433975515
6433975516
6433975517
6433975518
6433975519
6433975520
6433975521
6433975522
6433975523
6433975524
6433975525
6433975526
6433975527
6433975528
6433975529
6433975530
6433975531
6433975532
6433975533
6433975534
6433975535
6433975536
6433975537
6433975538
6433975539
6433975540
6433975541
6433975542
6433975543
6433975544
6433975545
6433975546
6433975547
6433975548
6433975549
6433975550
6433975551
6433975552
6433975553
6433975554
6433975555
6433975556
6433975557
6433975558
6433975559
6433975560
6433975561
6433975562
6433975563
6433975564
6433975565
6433975566
6433975567
6433975568
6433975569
6433975570
6433975571
6433975572
6433975573
6433975574
6433975575
6433975576
6433975577
6433975578
6433975579
6433975580
6433975581
6433975582
6433975583
6433975584
6433975585
6433975586
6433975587
6433975588
6433975589
6433975590
6433975591
6433975592
6433975593
6433975594
6433975595
6433975596
6433975597
6433975598
6433975599
6433975600
6433975601
6433975602
6433975603
6433975604
6433975605
6433975606
6433975607
6433975608
6433975609
6433975610
6433975611
6433975612
6433975613
6433975614
6433975615
6433975616
6433975617
6433975618
6433975619
6433975620
6433975621
6433975622
6433975623
6433975624
6433975625
6433975626
6433975627
6433975628
6433975629
6433975630
6433975631
6433975632
6433975633
6433975634
6433975635
6433975636
6433975637
6433975638
6433975639
6433975640
6433975641
6433975642
6433975643
6433975644
6433975645
6433975646
6433975647
6433975648
6433975649
6433975650
6433975651
6433975652
6433975653
6433975654
6433975655
6433975656
6433975657
6433975658
6433975659
6433975660
6433975661
6433975662
6433975663
6433975664
6433975665
6433975666
6433975667
6433975668
6433975669
6433975670
6433975671
6433975672
6433975673
6433975674
6433975675
6433975676
6433975677
6433975678
6433975679
6433975680
6433975681
6433975682
6433975683
6433975684
6433975685
6433975686
6433975687
6433975688
6433975689
6433975690
6433975691
6433975692
6433975693
6433975694
6433975695
6433975696
6433975697
6433975698
6433975699
6433975700
6433975701
6433975702
6433975703
6433975704
6433975705
6433975706
6433975707
6433975708
6433975709
6433975710
6433975711
6433975712
6433975713
6433975714
6433975715
6433975716
6433975717
6433975718
6433975719
6433975720
6433975721
6433975722
6433975723
6433975724
6433975725
6433975726
6433975727
6433975728
6433975729
6433975730
6433975731
6433975732
6433975733
6433975734
6433975735
6433975736
6433975737
6433975738
6433975739
6433975740
6433975741
6433975742
6433975743
6433975744
6433975745
6433975746
6433975747
6433975748
6433975749
6433975750
6433975751
6433975752
6433975753
6433975754
6433975755
6433975756
6433975757
6433975758
6433975759
6433975760
6433975761
6433975762
6433975763
6433975764
6433975765
6433975766
6433975767
6433975768
6433975769
6433975770
6433975771
6433975772
6433975773
6433975774
6433975775
6433975776
6433975777
6433975778
6433975779
6433975780
6433975781
6433975782
6433975783
6433975784
6433975785
6433975786
6433975787
6433975788
6433975789
6433975790
6433975791
6433975792
6433975793
6433975794
6433975795
6433975796
6433975797
6433975798
6433975799
6433975800
6433975801
6433975802
6433975803
6433975804
6433975805
6433975806
6433975807
6433975808
6433975809
6433975810
6433975811
6433975812
6433975813
6433975814
6433975815
6433975816
6433975817
6433975818
6433975819
6433975820
6433975821
6433975822
6433975823
6433975824
6433975825
6433975826
6433975827
6433975828
6433975829
6433975830
6433975831
6433975832
6433975833
6433975834
6433975835
6433975836
6433975837
6433975838
6433975839
6433975840
6433975841
6433975842
6433975843
6433975844
6433975845
6433975846
6433975847
6433975848
6433975849
6433975850
6433975851
6433975852
6433975853
6433975854
6433975855
6433975856
6433975857
6433975858
6433975859
6433975860
6433975861
6433975862
6433975863
6433975864
6433975865
6433975866
6433975867
6433975868
6433975869
6433975870
6433975871
6433975872
6433975873
6433975874
6433975875
6433975876
6433975877
6433975878
6433975879
6433975880
6433975881
6433975882
6433975883
6433975884
6433975885
6433975886
6433975887
6433975888
6433975889
6433975890
6433975891
6433975892
6433975893
6433975894
6433975895
6433975896
6433975897
6433975898
6433975899
6433975900
6433975901
6433975902
6433975903
6433975904
6433975905
6433975906
6433975907
6433975908
6433975909
6433975910
6433975911
6433975912
6433975913
6433975914
6433975915
6433975916
6433975917
6433975918
6433975919
6433975920
6433975921
6433975922
6433975923
6433975924
6433975925
6433975926
6433975927
6433975928
6433975929
6433975930
6433975931
6433975932
6433975933
6433975934
6433975935
6433975936
6433975937
6433975938
6433975939
6433975940
6433975941
6433975942
6433975943
6433975944
6433975945
6433975946
6433975947
6433975948
6433975949
6433975950
6433975951
6433975952
6433975953
6433975954
6433975955
6433975956
6433975957
6433975958
6433975959
6433975960
6433975961
6433975962
6433975963
6433975964
6433975965
6433975966
6433975967
6433975968
6433975969
6433975970
6433975971
6433975972
6433975973
6433975974
6433975975
6433975976
6433975977
6433975978
6433975979
6433975980
6433975981
6433975982
6433975983
6433975984
6433975985
6433975986
6433975987
6433975988
6433975989
6433975990
6433975991
6433975992
6433975993
6433975994
6433975995
6433975996
6433975997
6433975998
6433975999
6433976000
6433976001
6433976003
6433976004