6633977001
6633977002
6633977003
6633977004
6633977005
6633977006
6633977007
6633977008
6633977009
6633977010
6633977011
6633977012
6633977013
6633977014
6633977015
6633977016
6633977017
6633977018
6633977019
6633977020
6633977021
6633977022
6633977023
6633977024
6633977025
6633977026
6633977027
6633977028
6633977029
6633977030
6633977031
6633977032
6633977033
6633977034
6633977035
6633977036
6633977037
6633977038
6633977039
6633977040
6633977041
6633977042
6633977043
6633977044
6633977045
6633977046
6633977047
6633977048
6633977049
6633977050
6633977051
6633977052
6633977053
6633977054
6633977055
6633977056
6633977057
6633977058
6633977059
6633977060
6633977061
6633977062
6633977063
6633977064
6633977065
6633977066
6633977067
6633977068
6633977069
6633977070
6633977071
6633977072
6633977073
6633977074
6633977075
6633977076
6633977077
6633977078
6633977079
6633977080
6633977081
6633977082
6633977083
6633977084
6633977085
6633977086
6633977087
6633977088
6633977089
6633977090
6633977091
6633977092
6633977093
6633977094
6633977095
6633977096
6633977097
6633977098
6633977099
6633977100
6633977101
6633977102
6633977103
6633977104
6633977105
6633977106
6633977107
6633977108
6633977109
6633977110
6633977111
6633977112
6633977113
6633977114
6633977115
6633977116
6633977117
6633977118
6633977119
6633977120
6633977121
6633977122
6633977123
6633977124
6633977125
6633977126
6633977127
6633977128
6633977129
6633977130
6633977131
6633977132
6633977133
6633977134
6633977135
6633977136
6633977137
6633977138
6633977139
6633977140
6633977141
6633977142
6633977143
6633977144
6633977145
6633977146
6633977147
6633977148
6633977149
6633977150
6633977151
6633977152
6633977153
6633977154
6633977155
6633977156
6633977157
6633977158
6633977159
6633977160
6633977161
6633977162
6633977163
6633977164
6633977165
6633977166
6633977167
6633977168
6633977169
6633977170
6633977171
6633977172
6633977173
6633977174
6633977175
6633977176
6633977177
6633977178
6633977179
6633977180
6633977181
6633977182
6633977183
6633977184
6633977185
6633977186
6633977187
6633977188
6633977189
6633977190
6633977191
6633977192
6633977193
6633977194
6633977195
6633977196
6633977197
6633977198
6633977199
6633977200
6633977201
6633977202
6633977203
6633977204
6633977205
6633977206
6633977207
6633977208
6633977209
6633977210
6633977211
6633977212
6633977213
6633977214
6633977215
6633977216
6633977217
6633977218
6633977219
6633977220
6633977221
6633977222
6633977223
6633977224
6633977225
6633977226
6633977227
6633977228
6633977229
6633977230
6633977231
6633977232
6633977233
6633977234
6633977235
6633977236
6633977237
6633977238
6633977239
6633977240
6633977241
6633977242
6633977243
6633977244
6633977245
6633977246
6633977247
6633977248
6633977249
6633977250
6633977251
6633977252
6633977253
6633977254
6633977255
6633977256
6633977257
6633977258
6633977259
6633977260
6633977261
6633977262
6633977263
6633977264
6633977265
6633977266
6633977267
6633977268
6633977269
6633977270
6633977271
6633977272
6633977273
6633977274
6633977275
6633977276
6633977277
6633977278
6633977279
6633977280
6633977281
6633977282
6633977283
6633977284
6633977285
6633977286
6633977287
6633977288
6633977289
6633977290
6633977291
6633977292
6633977293
6633977294
6633977295
6633977296
6633977297
6633977298
6633977299
6633977300
6633977301
6633977302
6633977303
6633977304
6633977305
6633977306
6633977307
6633977308
6633977309
6633977310
6633977311
6633977312
6633977313
6633977314
6633977315
6633977316
6633977317
6633977318
6633977319
6633977320
6633977321
6633977322
6633977323
6633977324
6633977325
6633977326
6633977327
6633977328
6633977329
6633977330
6633977331
6633977332
6633977333
6633977334
6633977335
6633977336
6633977337
6633977338
6633977339
6633977340
6633977341
6633977342
6633977343
6633977344
6633977345
6633977346
6633977347
6633977348
6633977349
6633977350
6633977351
6633977352
6633977353
6633977354
6633977355
6633977356
6633977357
6633977358
6633977359
6633977360
6633977361