6833977001
6833977002
6833977003
6833977004
6833977005
6833977006
6833977007
6833977008
6833977009
6833977010
6833977011
6833977012
6833977013
6833977014
6833977015
6833977016
6833977017
6833977018
6833977019
6833977020
6833977021
6833977022
6833977023
6833977024
6833977025
6833977026
6833977027
6833977028
6833977029
6833977030
6833977031
6833977032
6833977033
6833977034
6833977035
6833977036
6833977037
6833977038
6833977039
6833977040
6833977041
6833977042
6833977043
6833977044
6833977045
6833977046
6833977047
6833977048
6833977049
6833977050
6833977051
6833977052
6833977053
6833977054
6833977055
6833977056
6833977057
6833977058
6833977059
6833977060
6833977061
6833977062
6833977063
6833977064
6833977065
6833977066
6833977067
6833977068
6833977069
6833977070
6833977071
6833977072
6833977073
6833977074
6833977075
6833977076
6833977077
6833977078
6833977079
6833977080
6833977081
6833977082
6833977083
6833977084
6833977085
6833977086
6833977087
6833977088
6833977089
6833977090
6833977091
6833977092
6833977093
6833977094
6833977095
6833977096
6833977097
6833977098
6833977099
6833977100
6833977101
6833977102
6833977103
6833977104
6833977105
6833977106
6833977107
6833977108
6833977109
6833977110
6833977111
6833977112
6833977113
6833977114
6833977115
6833977116
6833977117
6833977118
6833977119
6833977120
6833977121
6833977122
6833977123
6833977124
6833977125
6833977126
6833977127
6833977128
6833977129
6833977130
6833977131
6833977132
6833977133
6833977134
6833977135
6833977136
6833977137
6833977138
6833977139
6833977140
6833977141
6833977142
6833977143
6833977144
6833977145
6833977146
6833977147
6833977148
6833977149
6833977150
6833977151
6833977152
6833977153
6833977154
6833977155
6833977156
6833977157
6833977158
6833977159
6833977160
6833977161
6833977162
6833977163
6833977164
6833977165
6833977166
6833977167
6833977168
6833977169
6833977170
6833977171
6833977172
6833977173
6833977174
6833977175
6833977176
6833977177
6833977178
6833977179
6833977180
6833977181
6833977182
6833977183
6833977184
6833977185
6833977186
6833977187
6833977188
6833977189
6833977190
6833977191
6833977192
6833977193
6833977194
6833977195
6833977196
6833977197
6833977198
6833977199
6833977200
6833977201
6833977202
6833977203
6833977204
6833977205
6833977206
6833977207
6833977208
6833977209
6833977210
6833977211
6833977212
6833977213
6833977214
6833977215
6833977216
6833977217
6833977218
6833977219
6833977220
6833977221
6833977222
6833977223
6833977224
6833977225
6833977226
6833977227
6833977228
6833977229
6833977230
6833977231
6833977232
6833977233
6833977234
6833977235
6833977236
6833977237
6833977238
6833977239
6833977240
6833977241
6833977242
6833977243
6833977244
6833977245
6833977246
6833977247
6833977248
6833977249
6833977250
6833977250